                                                          overall  single_word  multi_word  explicit  non_explicit
model lang fact lang model      init method iter method                                                           
en         en        mbert_base all         none         0.022500     0.048246    0.002273  0.000000      0.036000
                                            left         0.018750     0.039656    0.002273  0.000000      0.030000
                                            confidence   0.018125     0.038268    0.002273  0.000000      0.029000
                                left        none         0.021875     0.045212    0.003409  0.000000      0.035000
                                            left         0.021875     0.043823    0.004034  0.000000      0.035000
                                            confidence   0.021875     0.043823    0.004034  0.000000      0.035000
                                confidence  none         0.018750     0.038268    0.003409  0.000000      0.030000
                                            left         0.018125     0.036879    0.003409  0.000000      0.029000
                                            confidence   0.018125     0.036879    0.003409  0.000000      0.029000
                     xlm_base   all         none         0.010625     0.114321    0.000000  0.000000      0.017000
                                            left         0.009375     0.111309    0.000000  0.000000      0.015000
                                            confidence   0.009375     0.111309    0.000000  0.000000      0.015000
                                left        none         0.010000     0.112815    0.000000  0.000000      0.016000
                                            left         0.009375     0.111309    0.000000  0.000000      0.015000
                                            confidence   0.009375     0.111309    0.000000  0.000000      0.015000
                                confidence  none         0.008125     0.108297    0.000000  0.000000      0.013000
                                            left         0.008125     0.108297    0.000000  0.000000      0.013000
                                            confidence   0.008125     0.108297    0.000000  0.000000      0.013000
           nl        mbert_base all         none         0.010343     0.020048    0.000000  0.001718      0.015518
                                            left         0.007765     0.015485    0.000000  0.000000      0.012424
                                            confidence   0.009034     0.017523    0.000000  0.001718      0.013424
                                left        none         0.009034     0.017523    0.000000  0.001718      0.013424
                                            left         0.008380     0.016260    0.000000  0.001718      0.012377
                                            confidence   0.007755     0.014887    0.000000  0.001718      0.011377
                                confidence  none         0.008380     0.014998    0.001359  0.001718      0.012377
                                            left         0.008380     0.014998    0.001359  0.001718      0.012377
                                            confidence   0.008380     0.014998    0.001359  0.001718      0.012377
                     xlm_base   all         none         0.003963     0.026096    0.000000  0.000000      0.006341
                                            left         0.003963     0.026096    0.000000  0.000000      0.006341
                                            confidence   0.001953     0.003947    0.000000  0.000000      0.003125
                                left        none         0.002661     0.023465    0.000000  0.000000      0.004257
                                            left         0.001302     0.002632    0.000000  0.000000      0.002083
                                            confidence   0.001302     0.002632    0.000000  0.000000      0.002083
                                confidence  none         0.002661     0.023465    0.000000  0.000000      0.004257
                                            left         0.001302     0.002632    0.000000  0.000000      0.002083
                                            confidence   0.001302     0.002632    0.000000  0.000000      0.002083
           hu        mbert_base all         none         0.067563     0.078859    0.014423  0.068676      0.066895
                                            left         0.062158     0.073190    0.014423  0.056064      0.065814
                                            confidence   0.060806     0.072514    0.012019  0.054262      0.064733
                                left        none         0.054725     0.065112    0.012019  0.047055      0.059328
                                            left         0.053374     0.063232    0.012019  0.047055      0.057166
                                            confidence   0.052064     0.061580    0.012019  0.045253      0.056150
                                confidence  none         0.046240     0.055634    0.012019  0.029834      0.056085
                                            left         0.045565     0.054694    0.012019  0.029834      0.055003
                                            confidence   0.045565     0.054694    0.012019  0.029834      0.055003
                     xlm_base   all         none         0.039348     0.043675    0.005376  0.032933      0.043197
                                            left         0.039667     0.027609    0.018145  0.021355      0.050654
                                            confidence   0.030119     0.013758    0.020330  0.017751      0.037540
                                left        none         0.024659     0.014433    0.014194  0.019553      0.027723
                                            left         0.023983     0.013758    0.014194  0.017751      0.027723
                                            confidence   0.023983     0.013758    0.014194  0.017751      0.027723
                                confidence  none         0.029013     0.010010    0.022215  0.013380      0.038393
                                            left         0.028338     0.009335    0.022215  0.011578      0.038393
                                            confidence   0.028338     0.009335    0.022215  0.011578      0.038393
nl         en        mbert_base all         none         0.030032     0.127623    0.003378  0.000000      0.048051
                                            left         0.026907     0.120600    0.003378  0.000000      0.043051
                                            confidence   0.028157     0.123409    0.003378  0.000000      0.045051
                                left        none         0.030657     0.126218    0.005631  0.000000      0.049051
                                            left         0.030032     0.124814    0.005631  0.000000      0.048051
                                            confidence   0.030032     0.124814    0.005631  0.000000      0.048051
                                confidence  none         0.029407     0.122005    0.006757  0.000000      0.047051
                                            left         0.029407     0.122005    0.006757  0.000000      0.047051
                                            confidence   0.029407     0.122005    0.006757  0.000000      0.047051
                     xlm_base   all         none         0.023750     0.134756    0.000000  0.000000      0.038000
                                            left         0.020000     0.125610    0.000000  0.000000      0.032000
                                            confidence   0.019375     0.124085    0.000000  0.000000      0.031000
                                left        none         0.020625     0.127134    0.000000  0.000000      0.033000
                                            left         0.020000     0.125610    0.000000  0.000000      0.032000
                                            confidence   0.020625     0.127134    0.000000  0.000000      0.033000
                                confidence  none         0.018125     0.121037    0.000000  0.000000      0.029000
                                            left         0.017500     0.119512    0.000000  0.000000      0.028000
                                            confidence   0.018125     0.121037    0.000000  0.000000      0.029000
           nl        mbert_base all         none         0.078200     0.111191    0.001289  0.158333      0.030121
                                            left         0.071947     0.102017    0.001289  0.145000      0.028116
                                            confidence   0.069447     0.101767    0.001289  0.136667      0.029116
                                left        none         0.062563     0.093033    0.001289  0.123333      0.026101
                                            left         0.060688     0.091149    0.001289  0.118333      0.026101
                                            confidence   0.061313     0.091777    0.001289  0.120000      0.026101
                                confidence  none         0.059435     0.089295    0.001289  0.116667      0.025095
                                            left         0.057560     0.087411    0.001289  0.111667      0.025095
                                            confidence   0.057560     0.087411    0.001289  0.111667      0.025095
                     xlm_base   all         none         0.010638     0.032431    0.000000  0.016667      0.007020
                                            left         0.008759     0.029854    0.000000  0.013333      0.006015
                                            confidence   0.007509     0.027921    0.000687  0.008333      0.007015
                                left        none         0.010013     0.031143    0.000687  0.013333      0.008020
                                            left         0.010013     0.031143    0.000687  0.013333      0.008020
                                            confidence   0.010013     0.031143    0.000687  0.013333      0.008020
                                confidence  none         0.008759     0.028565    0.001374  0.010000      0.008015
                                            left         0.008134     0.028565    0.000687  0.010000      0.007015
                                            confidence   0.007509     0.027921    0.000687  0.008333      0.007015
           hu        mbert_base all         none         0.011818     0.095455    0.006442  0.009893      0.012973
                                            left         0.018230     0.095455    0.013212  0.026993      0.012973
                                            confidence   0.013845     0.095455    0.008525  0.015298      0.012973
                                left        none         0.021252     0.084091    0.017553  0.036852      0.011892
                                            left         0.021252     0.084091    0.017553  0.036852      0.011892
                                            confidence   0.021252     0.084091    0.017553  0.036852      0.011892
                                confidence  none         0.024630     0.084091    0.021025  0.045861      0.011892
                                            left         0.024630     0.084091    0.021025  0.045861      0.011892
                                            confidence   0.024630     0.084091    0.021025  0.045861      0.011892
                     xlm_base   all         none         0.010197     0.103125    0.005000  0.018182      0.005405
                                            left         0.014742     0.062500    0.013191  0.032105      0.004324
                                            confidence   0.013145     0.062500    0.011381  0.027846      0.004324
                                left        none         0.014496     0.062500    0.012762  0.031450      0.004324
                                            left         0.013575     0.062500    0.011644  0.028993      0.004324
                                            confidence   0.013575     0.062500    0.011644  0.028993      0.004324
                                confidence  none         0.014742     0.031250    0.014587  0.033907      0.003243
                                            left         0.015418     0.031250    0.015278  0.035708      0.003243
                                            confidence   0.015418     0.031250    0.015278  0.035708      0.003243
hu         en        mbert_base all         none         0.001269     0.025000    0.000000  0.000000      0.002030
                                            left         0.001269     0.025000    0.000000  0.000000      0.002030
                                            confidence   0.001900     0.025000    0.001190  0.000000      0.003041
                                left        none         0.001900     0.025000    0.001190  0.000000      0.003041
                                            left         0.001900     0.025000    0.001190  0.000000      0.003041
                                            confidence   0.001900     0.025000    0.001190  0.000000      0.003041
                                confidence  none         0.001900     0.025000    0.001190  0.000000      0.003041
                                            left         0.001900     0.025000    0.001190  0.000000      0.003041
                                            confidence   0.001900     0.025000    0.001190  0.000000      0.003041
                     xlm_base   all         none         0.000000     0.000000    0.000000  0.000000      0.000000
                                            left         0.001250     0.000000    0.001250  0.003333      0.000000
                                            confidence   0.000000     0.000000    0.000000  0.000000      0.000000
                                left        none         0.000000     0.000000    0.000000  0.000000      0.000000
                                            left         0.000000     0.000000    0.000000  0.000000      0.000000
                                            confidence   0.000000     0.000000    0.000000  0.000000      0.000000
                                confidence  none         0.000208     0.000000    0.000209  0.000556      0.000000
                                            left         0.000833     0.000000    0.000834  0.002222      0.000000
                                            confidence   0.000833     0.000000    0.000834  0.002222      0.000000
           nl        mbert_base all         none         0.000000     0.000000    0.000000  0.000000      0.000000
                                            left         0.000000     0.000000    0.000000  0.000000      0.000000
                                            confidence   0.000000     0.000000    0.000000  0.000000      0.000000
                                left        none         0.000000     0.000000    0.000000  0.000000      0.000000
                                            left         0.000000     0.000000    0.000000  0.000000      0.000000
                                            confidence   0.000000     0.000000    0.000000  0.000000      0.000000
                                confidence  none         0.000000     0.000000    0.000000  0.000000      0.000000
                                            left         0.000000     0.000000    0.000000  0.000000      0.000000
                                            confidence   0.000000     0.000000    0.000000  0.000000      0.000000
                     xlm_base   all         none         0.000648     0.002660    0.000000  0.000000      0.001036
                                            left         0.000000     0.000000    0.000000  0.000000      0.000000
                                            confidence   0.000648     0.002660    0.000000  0.000000      0.001036
                                left        none         0.000000     0.000000    0.000000  0.000000      0.000000
                                            left         0.000000     0.000000    0.000000  0.000000      0.000000
                                            confidence   0.000000     0.000000    0.000000  0.000000      0.000000
                                confidence  none         0.000000     0.000000    0.000000  0.000000      0.000000
                                            left         0.000000     0.000000    0.000000  0.000000      0.000000
                                            confidence   0.000000     0.000000    0.000000  0.000000      0.000000
           hu        mbert_base all         none         0.000000     0.000000    0.000000  0.000000      0.000000
                                            left         0.000000     0.000000    0.000000  0.000000      0.000000
                                            confidence   0.000000     0.000000    0.000000  0.000000      0.000000
                                left        none         0.000000     0.000000    0.000000  0.000000      0.000000
                                            left         0.000000     0.000000    0.000000  0.000000      0.000000
                                            confidence   0.000000     0.000000    0.000000  0.000000      0.000000
                                confidence  none         0.000000     0.000000    0.000000  0.000000      0.000000
                                            left         0.000000     0.000000    0.000000  0.000000      0.000000
                                            confidence   0.000000     0.000000    0.000000  0.000000      0.000000
                     xlm_base   all         none         0.001875     0.002660    0.000000  0.000000      0.003000
                                            left         0.003125     0.002660    0.001250  0.000000      0.005000
                                            confidence   0.003125     0.002660    0.001250  0.000000      0.005000
                                left        none         0.001875     0.002660    0.000000  0.000000      0.003000
                                            left         0.001875     0.002660    0.000000  0.000000      0.003000
                                            confidence   0.001875     0.002660    0.000000  0.000000      0.003000
                                confidence  none         0.003125     0.002660    0.001250  0.000000      0.005000
                                            left         0.003125     0.002660    0.001250  0.000000      0.005000
                                            confidence   0.003125     0.002660    0.001250  0.000000      0.005000 